fs,num_threads,iops,lat_ns,lat_99_ns,goodput_mib,throughput_mib,disk_iops
objsnap, 1, 25478.000000, 36207.766802, 89439, 5971.636719, 17250.5, 4416152
objsnap, 2, 45836.000000, 39506.020795, 119682, 10743.214844, 31441.1, 8047019
objsnap, 3, 58916.000000, 46188.504259, 134293, 13808.898438, 39933.1, 10049594
objsnap, 4, 73691.000000, 49283.618746, 145094, 17271.914062, 46757.5, 10922415
objsnap, 5, 84818.000000, 56488.220887, 166295, 19879.910156, 51770.1, 11483042
objsnap, 6, 94875.000000, 57224.344565, 169224, 22236.953125, 55966.6, 11894266
objsnap, 7, 103570.000000, 61870.361614, 179609, 24275.035156, 59642.3, 12271190
objsnap, 8, 112250.000000, 64360.796044, 182624, 26309.507812, 63640, 12810998
objsnap, 9, 119853.000000, 71214.962922, 198912, 28091.777344, 67044.8, 13253098
objsnap, 10, 128254.000000, 70272.617517, 192915, 30060.503906, 71159.4, 13910749
objsnap, 11, 135273.000000, 73293.498527, 199432, 31705.941406, 74621.1, 14452131
objsnap, 12, 142037.000000, 76070.161876, 203930, 33291.046875, 78082, 15041061
objsnap, 13, 148067.000000, 79062.828785, 210531, 34704.832031, 80862, 15428460
objsnap, 14, 152299.000000, 82875.169362, 217144, 35696.664062, 82493.8, 15530799
objsnap, 15, 157445.000000, 85743.769277, 221691, 36902.777344, 85406, 16130476
objsnap, 16, 161626.000000, 89006.028111, 226012, 37883.019531, 87534.9, 16478040
objsnap, 17, 165324.000000, 92543.733397, 231613, 38749.488281, 89207.8, 16687386
objsnap, 18, 170433.000000, 95262.009212, 234243, 39947.828125, 91604.6, 17063753
objsnap, 19, 193466.000000, 89004.781457, 228361, 45345.781250, 85655.4, 14595887
objsnap, 20, 199103.000000, 89816.437506, 229024, 46667.093750, 87022.4, 14639983
objsnap, 21, 202971.000000, 93764.867991, 238300, 47574.292969, 87719.7, 14566210
objsnap, 22, 206237.000000, 95378.102026, 240068, 48339.726562, 88511.9, 14559708
objsnap, 23, 210967.000000, 98382.722840, 247440, 49448.769531, 89224.3, 14506314
objsnap, 24, 214362.000000, 104087.692190, 263477, 50242.917969, 89813.3, 14483494
ffs+journal, 1, 6403.959934, 15697.162293, 41728, 1500, 7773.95, 2326337
ffs+journal, 2, 7621.056316, 41906.786413, 88576, 1786, 8041.31, 2259835
ffs+journal, 3, 7597.256712, 103616.093383, 366592, 1780, 7977.47, 2243431
ffs+journal, 4, 7791.686805, 150777.949413, 428032, 1826, 8081.71, 2262606
ffs+journal, 5, 7453.77577, 227699.553238, 757760, 1747, 7752.05, 2173257
ffs+journal, 6, 7326.57789, 297971.723536, 880640, 1717, 7619.92, 2136636
ffs+journal, 7, 7307.544874, 367618.370891, 1515520, 1712, 7589.48, 2127604
ffs+journal, 8, 7355.810736, 432165.774993, 1908736, 1724, 7637.52, 2141784
ffs+journal, 9, 7293.695105, 497691.919084, 2375680, 1709, 7573.86, 2123957
ffs+journal, 10, 7362.654578, 554980.219418, 2637824, 1725, 7638.87, 2142744
ffs+journal, 11, 7311.706276, 624787.61825, 2965504, 1713, 7591.26, 2128913
ffs+journal, 12, 7373.087564, 685646.012439, 3194880, 1728, 7648.45, 2144923
ffs+journal, 13, 7339.522016, 755570.555769, 3522560, 1720, 7606.07, 2132708
ffs+journal, 14, 7387.703743, 818293.373367, 3817472, 1731, 7650.79, 2144952
ffs+journal, 15, 7294.106863, 891029.452697, 4177920, 1709, 7554.56, 2117651
ffs+journal, 16, 7216.276124, 963636.350696, 4554752, 1691, 7477.18, 2095384
ffs+journal, 17, 7226.505341, 1022031.769534, 4947968, 1693, 7483.07, 2095756
ffs+journal, 18, 7225.288736, 1084660.355507, 5275648, 1693, 7476.3, 2093347
ffs+journal, 19, 7217.959401, 1150594.16786, 5668864, 1691, 7463.73, 2089054
ffs+journal, 20, 7243.091897, 1190336.731197, 5931008, 1697, 7483.49, 2093633
ffs+journal, 21, 7232.642245, 1255329.846954, 6324224, 1695, 7470.01, 2090451
ffs+journal, 22, 7221.318579, 1326439.335683, 6717440, 1692, 7457.46, 2087341
ffs+journal, 23, 7194.27362, 1397116.041406, 7045120, 1686, 7445.35, 2085060
ffs+journal, 24, 7178.39108, 1466469.845758, 7438336, 1682, 7435.08, 2083753
ffs+su+defaultbs, 1, 5770.870485, 24195.543667, 39680, 1352, 42180.5, 1349779
ffs+su+defaultbs, 2, 6401.193313, 60519.055208, 140288, 1500, 42923.2, 1373545
ffs+su+defaultbs, 3, 6463.942268, 120480.374538, 423936, 1515, 42713.2, 1366826
ffs+su+defaultbs, 4, 6483.541941, 187715.307394, 643072, 1519, 42592.9, 1362978
ffs+su+defaultbs, 5, 6500.99165, 258430.058913, 634880, 1523, 42764.3, 1368467
ffs+su+defaultbs, 6, 6288.361861, 352143.219805, 1122304, 1473, 41571.6, 1330295
ffs+su+defaultbs, 7, 6206.363227, 436686.774193, 1679360, 1454, 41155, 1316965
ffs+su+defaultbs, 8, 6289.678505, 506375.691553, 2277376, 1474, 41607.8, 1331453
ffs+su+defaultbs, 9, 6356.460726, 580814.147173, 2736128, 1489, 42004.2, 1344139
ffs+su+defaultbs, 10, 6414.393093, 652028.3702, 3162112, 1503, 42310.7, 1353946
ffs+su+defaultbs, 11, 6312.078132, 738239.697683, 3489792, 1479, 41762.7, 1336408
ffs+su+defaultbs, 12, 6374.737509, 813616.96149, 3784704, 1494, 42116.7, 1347738
ffs+su+defaultbs, 13, 6347.555081, 872611.456284, 4079616, 1487, 41975.9, 1343232
ffs+su+defaultbs, 14, 6447.218426, 947850.478384, 4423680, 1511, 42485.3, 1359532
ffs+su+defaultbs, 15, 6110.462985, 1075996.91157, 5013504, 1432, 40651.5, 1300856
ffs+su+defaultbs, 16, 6062.814573, 1163753.861683, 5472256, 1421, 40377.4, 1292080
ffs+su+defaultbs, 17, 6048.799187, 1246522.023525, 5865472, 1417, 40307.8, 1289852
ffs+su+defaultbs, 18, 6055.598147, 1323556.159208, 6324224, 1419, 40367.4, 1291760
ffs+su+defaultbs, 19, 6033.332222, 1415512.698944, 6717440, 1414, 40245.3, 1287854
ffs+su+defaultbs, 20, 6022.582581, 1490546.009403, 7110656, 1411, 40158.1, 1285064
ffs+su+defaultbs, 21, 6018.815412, 1567874.606746, 7569408, 1410, 40135.2, 1284330
ffs+su+defaultbs, 22, 5990.150492, 1655987.027071, 7962624, 1404, 39966.2, 1278922
ffs+su+defaultbs, 23, 5994.200193, 1737611.365494, 8454144, 1404, 39979, 1279333
ffs+su+defaultbs, 24, 5992.517166, 1816461.198504, 8847360, 1404, 39966.2, 1278924
ffs+su, 1, 8086.081899, 15432.716672, 37632, 1895, 9554.24, 2445884
ffs+su, 2, 8881.601973, 41700.396857, 83456, 2081, 9192.32, 2353232
ffs+su, 3, 8972.700455, 85762.105082, 264192, 2103, 9192.78, 2353350
ffs+su, 4, 8988.150197, 132800.054269, 329728, 2106, 9149.21, 2342203
ffs+su, 5, 8456.109065, 200591.072928, 659456, 1981, 8627.64, 2208668
ffs+su, 6, 8203.846603, 261775.369528, 831488, 1922, 8365.18, 2141482
ffs+su, 7, 8294.511758, 319013.46282, 1318912, 1944, 8444.66, 2161840
ffs+su, 8, 8507.808203, 373348.920051, 1695744, 1994, 8650.36, 2214494
ffs+su, 9, 8854.569091, 417263.229104, 1892352, 2075, 8985.35, 2300254
ffs+su, 10, 9023.066282, 460097.551283, 2146304, 2114, 9151.42, 2342763
ffs+su, 11, 9108.464859, 507431.747772, 2408448, 2134, 9223.75, 2361275
ffs+su, 12, 9038.115396, 570180.963596, 2605056, 2118, 9148.82, 2342087
ffs+su, 13, 9127.845738, 617025.557981, 2801664, 2139, 9225.98, 2361848
ffs+su, 14, 9119.414676, 663864.943899, 3129344, 2137, 9198.84, 2354915
ffs+su, 15, 9041.048632, 709462.138462, 3457024, 2119, 9084.49, 2325636
ffs+su, 16, 8977.483709, 759758.951765, 3817472, 2104, 9025.7, 2310575
ffs+su, 17, 8685.39382, 836630.406568, 4227072, 2035, 8763.7, 2243509
ffs+su, 18, 8390.653645, 932940.260138, 4685824, 1966, 8491.43, 2173819
ffs+su, 19, 8339.655345, 995319.154851, 5013504, 1954, 8441.95, 2161134
ffs+su, 20, 8277.186141, 1045808.023735, 5406720, 1940, 8382.57, 2145931
ffs+su, 21, 8280.781281, 1101533.096945, 5799936, 1940, 8380.63, 2145435
ffs+su, 22, 8273.919637, 1156801.70653, 6062080, 1939, 8376.1, 2144296
ffs+su, 23, 8115.060914, 1235685.345792, 6586368, 1902, 8242.06, 2109972
ffs+su, 24, 8200.403306, 1286169.243441, 6848512, 1922, 8322.17, 2130469
zfs, 1, 15481.908635, 13630.832247, 34048, 3628, 20119, 1083735
zfs, 2, 21608.406527, 20568.457753, 39680, 5064, 23001.1, 1105797
zfs, 3, 27412.459792, 24810.219067, 49920, 6424, 31288.3, 1422125
zfs, 4, 30947.634206, 29057.358781, 61184, 7253, 33702.3, 1453904
zfs, 5, 33050.015833, 33255.489801, 72192, 7746, 41210.1, 1519307
zfs, 6, 34896.170128, 36362.878071, 88576, 8179, 48360.2, 1652270
zfs, 7, 35256.562391, 40213.94147, 100864, 8263, 42467.6, 1536184
zfs, 8, 36631.485092, 42278.428745, 116224, 8585, 42814.9, 1569436
zfs, 9, 36840.619323, 46907.234341, 138240, 8634, 50237.1, 1659626
zfs, 10, 37355.01075, 49319.84837, 164864, 8755, 45028.9, 1548169
zfs, 11, 38345.860902, 50380.71922, 173056, 8987, 53446.4, 1682419
zfs, 12, 39178.6744, 52263.837942, 183296, 9182, 54239.4, 1761807
zfs, 13, 38413.886204, 54986.732238, 211968, 9003, 51638.7, 1669555
zfs, 14, 39110.39816, 57331.451784, 244736, 9166, 51509.6, 1677271
zfs, 15, 39162.327922, 59386.075424, 309248, 9178, 57757.2, 1606966
zfs, 16, 38838.172061, 61297.403524, 337920, 9103, 58101.3, 1582051
zfs, 17, 37429.86184, 66936.86568, 552960, 8773, 54631.2, 1430370
zfs, 18, 39437.130239, 65930.493875, 391168, 9243, 53878.3, 1661358
zfs, 19, 39126.929102, 67215.963035, 509952, 9170, 52107.3, 1490456
zfs, 20, 39247.183521, 67367.333185, 493568, 9199, 51696, 1505152
zfs, 21, 39050.864971, 68748.559287, 536576, 9152, 57869.1, 1582134
zfs, 22, 39166.11113, 72524.038745, 659456, 9179, 51629.5, 1482437
zfs, 23, 39275.031665, 72672.595928, 659456, 9205, 58298.7, 1607056
zfs, 24, 38630.79564, 75860.927112, 765952, 9054, 57429.4, 1514373
