fs,num_threads,dirty_size,iops,lat_ns,lat_99_ns,goodput_mib,throughput_mib,disk_iops,avgcpu
objsnap, 24, 4096, 200887.000000, 113284.471757, 287606, 47085.468750, 86141.4, 14113372, 32.6847
objsnap, 24, 8192, 140670.000000, 155945.621480, 333344, 65944.632812, 102766, 12750630, 33.7205
objsnap, 24, 12288, 103913.000000, 198925.207997, 399269, 73072.148438, 109884, 12163987, 33.4453
objsnap, 24, 16384, 82636.000000, 248987.996422, 482241, 77482.218750, 113495, 11621326, 32.52
objsnap, 24, 20480, 69481.000000, 308927.531261, 578754, 81437.792969, 114887, 10852237, 32.1395
objsnap, 24, 24576, 58948.000000, 349492.991374, 617193, 82911.046875, 114804, 10479089, 31.6337
objsnap, 24, 28672, 51857.000000, 401331.386603, 729079, 85097.523438, 115546, 9881171, 30.8716
objsnap, 24, 32768, 46349.000000, 461809.999772, 810559, 86927.312500, 116069, 9324025, 30.1395
zfs, 24, 4096, 38022.415919, 79378.923377, 897024, 8911, 56382.5, 1447204
zfs, 24, 8192, 20766.632225, 200771.356177, 1515520, 9735, 46891.2, 989803
zfs, 24, 12288, 14911.352955, 274205.975126, 1794048, 10484, 45379.2, 914437
zfs, 24, 16384, 11561.743301, 378614.73891, 2179072, 10847, 46749.7, 891800
zfs, 24, 20480, 9400.979951, 489354.138546, 2539520, 11017, 44791.9, 834894
zfs, 24, 24576, 8238.425386, 556043.164557, 2703360, 11585, 46271.3, 863260
zfs, 24, 28672, 7259.232718, 626156.016344, 2899968, 11910, 46366.3, 850579
zfs, 24, 32768, 6299.765027, 753296.437978, 3293184, 11813, 44604.7, 800856
