fs,num_threads,iops,lat_ns,lat_99_ns,goodput_mib,throughput_mib,disk_iops
ext4+ordered, 1, 7823.369611, 10163.709883, 17024, 1833, 13711.4, 1.51475e+06
ext4+ordered, 2, 10623.489609, 16611.815553, 31616, 2489, 14628, 1504185
ext4+ordered, 3, 13055.065749, 20767.563958, 41728, 3059, 15831.3, 1642608
ext4+ordered, 4, 15784.053599, 24075.190197, 50944, 3699, 17172.2, 1.83617e+06
ext4+ordered, 5, 17533.607773, 28715.115011, 66048, 4109, 17868, 1938014
ext4+ordered, 6, 19943.185227, 32449.103481, 93696, 4674, 18831, 2.09813e+06
ext4+ordered, 7, 21916.501392, 35102.047548, 121344, 5136, 19530.5, 2219783
ext4+ordered, 8, 23577.823703, 41529.890214, 150528, 5526, 20063.6, 2.31821e+06
ext4+ordered, 9, 25442.735242, 46069.600861, 171008, 5963, 20661.8, 2434300
ext4+ordered, 10, 27146.547558, 49842.739523, 189440, 6362, 21177.5, 2536959
ext4+ordered, 11, 28007.333089, 55555.044048, 214016, 6564, 21399.6, 2.58095e+06
ext4+ordered, 12, 28908.319723, 63237.745905, 242688, 6775, 21638.3, 2.62954e+06
ext4+ordered, 13, 29687.688539, 66726.278652, 268288, 6958, 21829.4, 2.66911e+06
ext4+ordered, 14, 30385.79357, 74383.173088, 305152, 7121, 22007.8, 2.70666e+06
ext4+ordered, 15, 30641.061965, 82752.62071, 346112, 7181, 22039.5, 2.71244e+06
ext4+ordered, 16, 31285.990467, 90851.943816, 387072, 7332, 22216, 2749923
ext4+ordered, 17, 31893.50355, 94919.150443, 407552, 7475, 22356.5, 2779323
ext4+ordered, 18, 32413.636212, 102965.574593, 444416, 7597, 22482, 2806516
ext4+ordered, 19, 32750.279153, 113188.048634, 493568, 7676, 22565.1, 2.82427e+06
ext4+ordered, 20, 33134.528849, 120420.016711, 528384, 7766, 22656.6, 2844569
ext4+ordered, 21, 33634.445518, 130270.811351, 569344, 7883, 22787.8, 2.87376e+06
ext4+ordered, 22, 34187.11043, 135411.361427, 593920, 8012, 22923.4, 2903910
ext4+ordered, 23, 30455.727214, 188866.241449, 880640, 7138, 21805.4, 2656202
ext4+ordered, 24, 30454.392427, 202368.695242, 954368, 7137, 21792.5, 2652392
ext4+journal, 1, 6701.654972, 35345.769297, 87552, 1570, 14379.2, 1412207
ext4+journal, 2, 10964.083932, 53697.231212, 162816, 2569, 17822.1, 1635538
ext4+journal, 3, 14357.810703, 67904.682539, 228352, 3365, 21232.3, 2084157
ext4+journal, 4, 16532.807787, 80174.891862, 292864, 3874, 23105.6, 2326662
ext4+journal, 5, 18621.689639, 97817.803303, 391168, 4364, 24682.7, 2521682
ext4+journal, 6, 21344.538515, 103725.071997, 440320, 5002, 26559.6, 2752518
ext4+journal, 7, 22461.242313, 124898.650384, 569344, 5264, 27206, 2821905
ext4+journal, 8, 24105.081582, 141657.029874, 733184, 5649, 28208, 2.94358e+06
ext4+journal, 9, 24066.465559, 171175.216904, 1011712, 5640, 28055.1, 2.90905e+06
ext4+journal, 10, 22065.232246, 252258.743525, 1482752, 5171, 26769.9, 2.7481e+06
ext4+journal, 11, 20974.101295, 319754.328095, 1826816, 4916, 25953.3, 2634699
ext4+journal, 12, 20258.374721, 385792.471082, 2056192, 4748, 25438.7, 2.56977e+06
ext4+journal, 13, 19758.57069, 444757.121209, 2277376, 4630, 25045.7, 2.51545e+06
ext4+journal, 14, 20718.576047, 454383.068981, 2277376, 4856, 25639.4, 2579310
ext4+journal, 15, 19819.40301, 545229.699588, 2539520, 4645, 25120.8, 2.52973e+06
ext4+journal, 16, 20168.411053, 575130.612117, 2605056, 4727, 25314.7, 2546930
ext4+journal, 17, 20483.358611, 615153.546494, 2736128, 4800, 25576.2, 2584964
ext4+journal, 18, 19513.158114, 700437.808518, 3031040, 4573, 24852.8, 2.49006e+06
ext4+journal, 19, 20219.605686, 709650.796548, 3194880, 4739, 25282.9, 2.53545e+06
ext4+journal, 20, 17599.696677, 919398.090333, 3457024, 4125, 23473, 2324788
ext4+journal, 21, 17199.443352, 1003366.114692, 3620864, 4031, 23168.1, 2289003
ext4+journal, 22, 18320.677989, 985533.503418, 3784704, 4293, 24019.7, 2.39391e+06
ext4+journal, 23, 16887.737075, 1145873.731973, 3981312, 3958, 22917.2, 2.25865e+06
ext4+journal, 24, 15991.433476, 1284529.835379, 4292608, 3748, 22185.8, 2166231
xfs, 1, 8751.754137, 12619.140093, 17536, 2051, 6100.05, 1.0555e+06
xfs, 2, 9192.813453, 35509.778441, 103936, 2154, 6083.79, 986527
xfs, 3, 9990.58349, 72457.447918, 242688, 2341, 6383.16, 1000285
xfs, 4, 10383.860269, 138893.074199, 544768, 2433, 6602.19, 1.03697e+06
xfs, 5, 9168.927702, 252813.123049, 905216, 2149, 5884.3, 918817
xfs, 6, 8344.127598, 389511.577073, 1236992, 1955, 5394.1, 831890
xfs, 7, 7703.804937, 548222.798938, 1646592, 1805, 5003.8, 769346
xfs, 8, 7490.025166, 691286.747506, 1941504, 1755, 4886.8, 741367
xfs, 9, 6851.285812, 913305.374505, 2637824, 1605, 4487.62, 688987
xfs, 10, 6879.235346, 1044040.410165, 2736128, 1612, 4494.88, 678204
xfs, 11, 6214.692844, 1328881.782327, 3457024, 1456, 4088.64, 621001
xfs, 12, 6160.563991, 1503104.522346, 3883008, 1443, 4076.67, 615947
xfs, 13, 6130.497825, 1665585.393665, 4046848, 1436, 4036.03, 604662
xfs, 14, 5924.60377, 1894993.542181, 4554752, 1388, 3898.28, 585065
xfs, 15, 5480.900637, 2235272.01853, 5210112, 1284, 3635.75, 542523
xfs, 16, 5174.763754, 2570799.694948, 5996544, 1212, 3452.73, 518966
xfs, 17, 5141.861938, 2780975.199107, 6389760, 1205, 3437.01, 515679
xfs, 18, 5204.076531, 2935802.008823, 6586368, 1219, 3447.2, 516867
xfs, 19, 5259.808006, 3093123.558142, 6914048, 1232, 3489.7, 522388
xfs, 20, 5177.044099, 3338174.027209, 7372800, 1213, 3450.73, 515561
xfs, 21, 5111.979601, 3579878.921722, 7962624, 1198, 3406.52, 513269
xfs, 22, 5206.593114, 3702307.61955, 8028160, 1220, 3464.46, 518336
xfs, 23, 5072.780907, 4002990.516701, 8716288, 1188, 3380.59, 508857
xfs, 24, 5052.014066, 4218627.226925, 9109504, 1184, 3368.18, 507638
btrfs, 1, 31970.967151, 30264.907814, 168960, 7493, 7777.59, 1.4037e+06
btrfs, 2, 26712.271462, 73589.567821, 301056, 6260, 6418.52, 1.31163e+06
btrfs, 3, 26392.360127, 112381.857043, 544768, 6185, 6371.71, 1305367
btrfs, 4, 25099.172039, 158003.945267, 888832, 5885, 5819.25, 1196169
btrfs, 5, 25016.248375, 198352.231663, 1400832, 5863, 5786.24, 1.19233e+06
btrfs, 6, 25471.325478, 233971.458803, 1761280, 5969, 5787.69, 1193266
btrfs, 7, 25663.005617, 271207.062292, 2244608, 6014, 5800.59, 1190082
btrfs, 8, 25629.456176, 310559.684446, 2572288, 6007, 5786.09, 1180901
btrfs, 9, 25248.429193, 354703.444674, 3063808, 5917, 5772.59, 1189424
btrfs, 10, 25342.894285, 392838.65027, 3686400, 5939, 5788.99, 1.18627e+06
btrfs, 11, 24490.038982, 447523.5495, 7897088, 5767, 5737.94, 1182644
btrfs, 12, 25769.303845, 463773.777859, 5210112, 6039, 5785.64, 1186964
btrfs, 13, 25128.314528, 515177.968814, 5013504, 5889, 5748.35, 1185604
btrfs, 14, 26002.533291, 536517.333745, 5865472, 6094, 6116.38, 1.25651e+06
btrfs, 15, 25221.962967, 592851.773714, 10420224, 5911, 5771.92, 1187924
btrfs, 16, 25563.307278, 624024.179787, 7962624, 5991, 5766.03, 1182205
btrfs, 17, 25659.354925, 660544.861248, 7045120, 6022, 5797.05, 1184748
btrfs, 18, 24824.689177, 722622.560805, 15007744, 5818, 5725.38, 1180585
btrfs, 19, 24742.858571, 765445.484853, 14876672, 5799, 5726.14, 1182830
btrfs, 20, 25397.236759, 785290.743523, 13828096, 5952, 5779.93, 1185562
btrfs, 21, 24744.91919, 846186.839091, 9895936, 5807, 5721.35, 1181338
btrfs, 22, 24668.244392, 888944.51539, 19529728, 5781, 5714.68, 1179557
btrfs, 23, 25175.080415, 910614.00597, 11993088, 5900, 5760.7, 1185356
btrfs, 24, 24445.568481, 979067.959042, 21364736, 5729, 5695.09, 1176851
