type,thread_count,read,write,ops,set_lat_ms
objsnap,1,5,5,32602.49,23.42731
objsnap,2,5,5,61749.41,12.48469
objsnap,3,5,5,87144.18,8.77134
objsnap,4,5,5,115980.31,6.71832
objsnap,5,5,5,147610.03,5.49570
objsnap,6,5,5,165113.28,4.64161
objsnap,7,5,5,184101.72,4.11410
objsnap,8,5,5,205782.86,3.69924
objsnap,9,5,5,227125.61,3.39627
objsnap,10,5,5,237902.24,3.17541
objsnap,11,5,5,255235.82,2.99562
objsnap,12,5,5,285114.32,2.87572
objsnap,13,5,5,270920.84,2.76624
objsnap,14,5,5,281230.01,2.65626
objsnap,15,5,5,310114.73,2.62182
objsnap,16,5,5,297323.81,2.55081
objsnap,17,5,5,329553.37,2.48869
objsnap,18,5,5,312664.32,2.47190
objsnap,19,5,5,308069.10,2.44589
objsnap,20,5,5,358665.32,2.41345
objsnap,21,5,5,313846.88,2.38433
objsnap,22,5,5,346245.71,2.36329
objsnap,23,5,5,325012.62,2.33029
objsnap,24,5,5,319131.17,2.33340
base,1,5,5,128243.53,5.84964
base,2,5,5,245557.55,3.16849
base,3,5,5,326003.07,2.25597
base,4,5,5,391448.80,1.89318
base,5,5,5,449532.91,1.74665
base,6,5,5,444083.01,1.69621
base,7,5,5,456862.54,1.65639
base,8,5,5,442665.38,1.63189
base,9,5,5,628588.81,1.57105
base,10,5,5,474944.57,1.61343
base,11,5,5,471005.79,1.60859
base,12,5,5,472027.34,1.59911
base,13,5,5,473305.22,1.62160
base,14,5,5,577148.87,1.63900
base,15,5,5,441838.11,1.70577
base,16,5,5,459608.11,1.64610
base,17,5,5,443713.24,1.67766
base,18,5,5,453079.49,1.69012
base,19,5,5,477471.55,1.67478
base,20,5,5,512742.04,1.65395
base,21,5,5,593873.27,1.66659
base,22,5,5,542847.49,1.66927
base,23,5,5,416061.81,1.66427
base,24,5,5,445854.46,1.68277
