fs, num_threads, iops, lat_ns, lat_99_ns, goodput_mib, throughput_mib,
objsnap, 1, 32116.000000, 27679.308648, 55250, 7527.312500, 15091.4
objsnap, 2, 51498.000000, 35145.085004, 68892, 12070.105469, 24184.8
objsnap, 3, 64165.000000, 40696.245588, 74998, 15039.093750, 29452.8
objsnap, 4, 78475.000000, 43868.862452, 78359, 18392.816406, 32714.4
objsnap, 5, 92366.000000, 46871.180021, 82902, 21648.734375, 35816.7
objsnap, 6, 104578.000000, 50203.466138, 87055, 24511.355469, 38542.8
objsnap, 7, 115155.000000, 52542.539698, 91582, 26990.500000, 40951.7
objsnap, 8, 125758.000000, 54864.945301, 95990, 29475.546875, 43399.4
objsnap, 9, 131395.000000, 59731.887954, 103301, 30796.898438, 44445.9
objsnap, 10, 133810.000000, 64019.096095, 112060, 31362.726562, 44751.3
objsnap, 11, 137828.000000, 69598.513701, 128726, 32304.847656, 45433.8
objsnap, 12, 136430.000000, 77253.726427, 164869, 31977.039062, 44689.3
objsnap, 13, 128968.000000, 88986.520189, 234396, 30228.234375, 42139.2
objsnap, 14, 122998.000000, 100362.314839, 352986, 28829.640625, 40063
objsnap, 15, 108401.000000, 130954.579762, 669963, 25408.417969, 35316.7
objsnap, 16, 96460.000000, 148716.700832, 1177876, 22609.851562, 31495.6
objsnap, 17, 85467.000000, 176498.408613, 2245706, 20033.265625, 28051.4
objsnap, 18, 79097.000000, 204933.791333, 3381851, 18539.683594, 26070.3
objsnap, 19, 82343.000000, 212388.508541, 3473777, 19301.554688, 27125.8
objsnap, 20, 84236.000000, 213299.295094, 4088244, 19744.546875, 27758.8
objsnap, 21, 88429.000000, 213673.700729, 4337863, 20727.906250, 29028.7
objsnap, 22, 88190.000000, 226070.930387, 4477317, 20671.503906, 28999.7
objsnap, 23, 83697.000000, 247841.077341, 5504035, 19619.281250, 27416
objsnap, 24, 84737.000000, 256738.961302, 5627097, 19863.101562, 27639.8
zfs, 1, 14364.966667, 14770.627878, 32128, 3366, 18433.2
zfs, 2, 21978.317028, 20037.867944, 39168, 5151, 23082.1
zfs, 3, 26734.004433, 26170.448067, 50432, 6265, 32610.7
zfs, 4, 30310.589647, 30716.530553, 64256, 7104, 41272.5
zfs, 5, 32437.485417, 33503.321405, 74240, 7602, 46646.5
zfs, 6, 33508.908185, 36378.4173, 86528, 7853, 43084.9
zfs, 7, 34847.685872, 40141.651892, 103936, 8167, 43767.9
zfs, 8, 35733.404443, 43076.171333, 114176, 8375, 40945.5
zfs, 9, 36357.338089, 45937.452811, 132096, 8521, 49412.5
zfs, 10, 36758.170697, 49776.67181, 179200, 8615, 45465.5
zfs, 11, 37520.132662, 51779.285009, 175104, 8794, 53645.7
zfs, 12, 36954.467426, 54967.760323, 272384, 8661, 48252.3
zfs, 13, 36851.188294, 59759.512985, 362496, 8637, 50696.5
zfs, 14, 37334.933253, 60123.747843, 292864, 8750, 52584
zfs, 15, 36938.0177, 64953.562536, 411648, 8657, 50367.8
zfs, 16, 38183.460551, 62090.874745, 374784, 8949, 48271.7
zfs, 17, 37400.336655, 68512.040464, 493568, 8765, 47483.1
zfs, 18, 37424.859586, 70776.234121, 528384, 8771, 53644.1
zfs, 19, 37748.625046, 69816.354727, 585728, 8847, 51223.5
zfs, 20, 37827.389087, 72706.932679, 626688, 8866, 54903.4
zfs, 21, 38206.526449, 72548.775852, 528384, 8954, 55734.8
zfs, 22, 38033.415553, 74781.776317, 651264, 8914, 53705
zfs, 23, 37726.609113, 75933.980086, 757760, 8842, 54816.2
zfs, 24, 37856.004933, 78871.094269, 831488, 8873, 56729.5
ffs, 1, 14276.845386, 11349.096829, 23424, 3346, 12570.6
ffs, 2, 16077.948701, 39819.345052, 154624, 3768, 13524.7
ffs, 3, 16071.848803, 70418.738082, 382976, 3766, 13389.5
ffs, 4, 15746.054232, 100558.210293, 448512, 3690, 13077.4
ffs, 5, 15318.711355, 131377.507876, 419840, 3590, 12714
ffs, 6, 15012.18313, 165803.815052, 544768, 3518, 12451.5
ffs, 7, 15395.676739, 195434.73125, 749568, 3608, 12738.2
ffs, 8, 15791.753471, 222997.14147, 913408, 3701, 13040.7
ffs, 9, 16177.530374, 248838.147677, 1073152, 3791, 13321
ffs, 10, 16284.761921, 275603.170241, 1236992, 3816, 13393.6
ffs, 11, 16547.00755, 298613.653696, 1368064, 3878, 13587.9
ffs, 12, 16736.987717, 320844.479088, 1499136, 3922, 13725.8
ffs, 13, 16734.62109, 340080.499773, 1744896, 3922, 13713.8
ffs, 14, 16167.713871, 382706.749431, 2146304, 3789, 13288.8
ffs, 15, 15846.652556, 424073.442239, 2572288, 3714, 13050.4
ffs, 16, 15800.189994, 457012.990449, 2998272, 3703, 12999.7
ffs, 17, 15396.236792, 498431.885138, 3588096, 3608, 12691.6
ffs, 18, 15286.657111, 526720.899208, 3915776, 3582, 12599.3
ffs, 19, 15238.521407, 559682.069608, 4292608, 3571, 12562
ffs, 20, 15211.446476, 592954.53924, 4685824, 3565, 12539.6
ffs, 21, 15138.745375, 630216.633954, 5013504, 3548, 12480.2
ffs, 22, 15176.941153, 654682.575418, 5275648, 3557, 12507.6
ffs, 23, 15098.596713, 688492.203018, 5668864, 3538, 12448.7
ffs, 24, 15087.39563, 719593.180557, 6127616, 3536, 12439.2
