wait,ckpt_on,waiter_latency,waiter_amount,combiner_latency,combiner_amount,avg_size,metadata_ratio
0,0,89,366723,84,14376565,1.02551,1.98083
2,0,83,9467687,79,5330282,2.77621,1.3652
5,0,84,10077620,80,4029094,3.50121,1.29306
10,0,96,10184598,92,2694501,4.77977,1.21608
30,0,121,8235996,113,1242118,7.63061,1.14019
0,1,94,301132,92,13234248,1.02275,2.14597
2,1,93,8152114,94,4885657,2.66858,1.75378
5,1,111,7749469,112,3294962,3.35191,2.10297
10,1,113,8202600,113,2368914,4.4626,1.97906
30,1,136,7379159,129,1145253,7.44326,1.75238
